MERGE — 02b + 03
============================================================
longitudinal: 12597 × 30
censo:        16449 × 19
base final:   12597 × 47

Cobertura das 17 features do Censo (por ano):
  ano      n     cobertura_media
 2007    718                76.5
 2008    624               100.0
 2009    596               100.0
 2010    632               100.0
 2011    618               100.0
 2012    641               100.0
 2013    666               100.0
 2014    670               100.0
 2015    669               100.0
 2016    677               100.0
 2017    679               100.0
 2018    674               100.0
 2019    667               100.0
 2020    662               100.0
 2021    650               100.0
 2022    682               100.0
 2023    689               100.0
 2024    696               100.0
 2025    687               100.0